0 0.193015 0.477901 0.044853 0.143646
0 0.131985 0.299724 0.041912 0.162983
0 0.477206 0.058011 0.060294 0.110497
0 0.245221 0.117403 0.034559 0.107735
0 0.315441 0.118785 0.045588 0.121547
0 0.393015 0.070442 0.038971 0.096685
1 0.053309 0.458564 0.094853 0.331492
1 0.230515 0.762431 0.090441 0.403315
0 0.341544 0.727901 0.043382 0.201657
0 0.635294 0.168508 0.055882 0.143646
0 0.679779 0.075967 0.066912 0.140884
0 0.775368 0.247238 0.038971 0.124309
0 0.855882 0.320442 0.038235 0.121547
0 0.854044 0.218232 0.043382 0.099448
1 0.895588 0.592541 0.088235 0.422652
1 0.779044 0.468232 0.062500 0.334254
1 0.723529 0.461326 0.069118 0.375691
