0 0.854297 0.272917 0.080469 0.084722
0 0.648438 0.431250 0.045312 0.081944
0 0.580078 0.437500 0.064844 0.097222
0 0.424609 0.460417 0.050781 0.079167
0 0.341406 0.550694 0.054688 0.056944
0 0.500781 0.403472 0.057813 0.093056
0 0.288672 0.336111 0.053906 0.088889
0 0.152344 0.359028 0.042188 0.048611
1 0.870313 0.471528 0.090625 0.240278
1 0.650000 0.588194 0.087500 0.231944
1 0.522266 0.584028 0.099219 0.268056
1 0.442969 0.627083 0.092188 0.218056
1 0.341406 0.717361 0.092188 0.229167
1 0.462500 0.088889 0.098437 0.138889
