0 0.191176 0.473757 0.077941 0.168508
0 0.247426 0.125691 0.043382 0.140884
0 0.315809 0.138122 0.046324 0.143646
0 0.476103 0.062155 0.053676 0.118785
0 0.390441 0.085635 0.042647 0.138122
0 0.132721 0.325967 0.043382 0.171271
1 0.058456 0.469613 0.097794 0.359116
1 0.227574 0.779006 0.105147 0.392265
1 0.722059 0.505525 0.073529 0.447514
1 0.891544 0.553867 0.088971 0.389503
1 0.785294 0.465470 0.072059 0.334254
0 0.721691 0.182320 0.038971 0.077348
0 0.777206 0.232044 0.036765 0.104972
0 0.856618 0.212707 0.027941 0.104972
0 0.678309 0.074586 0.043382 0.143646
0 0.631250 0.127072 0.066912 0.154696
