0 0.038333 0.677500 0.040000 0.055000
0 0.321667 0.448125 0.045000 0.063750
0 0.557500 0.458750 0.046667 0.057500
0 0.925833 0.268125 0.053333 0.046250
0 0.132083 0.670625 0.032500 0.048750
0 0.625417 0.645625 0.039167 0.058750
0 0.306250 0.685000 0.042500 0.040000
1 0.023750 0.730000 0.044167 0.060000
1 0.140000 0.722500 0.041667 0.045000
1 0.372500 0.720625 0.060000 0.138750
1 0.533333 0.553750 0.071667 0.162500
1 0.949167 0.364375 0.076667 0.136250
1 0.604167 0.723750 0.053333 0.142500
1 0.283333 0.509375 0.048333 0.106250
